40.7802748
40.78980689999999
40.8055078
40.76556679999999
40.7754146
40.79031699999999
40.7605227
40.7833478
40.7736783
40.7604056
40.762567
40.7611007
40.7509035
40.7525236
40.7503706
40.7450001
40.8756753
40.82069300000001
40.71931170000001
40.6926951
40.8133743
40.74218039999999
40.7288832
40.7509035
40.7605227
40.7802748
40.76556679999999
40.7450001
40.7604056
40.8055078
40.7503706
40.762567
40.7611007
40.7736783
40.79031699999999
40.7833478
40.8756753
40.6926951
40.71931170000001
40.6282635
40.9148164
40.8133743
40.9372305
40.8756753
40.7288832
40.8055078
40.8058767
40.7509035
40.7802748
40.7713782
40.79031699999999
40.76556679999999
40.7605227
40.7754146
40.7503706
40.71931170000001
40.726768
