-73.9759715
-73.9665165
-73.96252009999999
-73.98059429999999
-73.96442929999999
-73.9537622
-73.98692249999999
-73.95529669999999
-73.9608836
-73.9793572
-73.9696663
-73.9680109
-74.02719759999999
-73.97928570000001
-73.9780354
-73.99091749999999
-73.9525029
-73.901585
-73.95589199999999
-73.9935844
-74.1199153
-74.16962049999999
-74.15701589999999
-74.02719759999999
-73.98692249999999
-73.9759715
-73.98059429999999
-73.99091749999999
-73.9793572
-73.96252009999999
-73.9780354
-73.9696663
-73.9680109
-73.9608836
-73.9537622
-73.95529669999999
-73.9525029
-73.9935844
-73.95589199999999
-74.0228472
-74.14215480000001
-74.1199153
-73.9952385
-73.9525029
-74.15701589999999
-73.96252009999999
-73.96142709999999
-74.02719759999999
-73.9759715
-73.98277399999999
-73.9537622
-73.98059429999999
-73.98692249999999
-73.96442929999999
-73.9780354
-73.95589199999999
-73.85445199999999
